EV: 4.992953073218172
Variance: 0.055880720208276065
