EV: 0.5266912147679053
Variance: 0.060881171782453745
