EV: 1.2675721412363847
Variance: 0.06083119704614387
