EV: 5.772764971251707
Variance: 0.0603002015913941
