EV: 2.8766989275561
Variance: 0.06071501874508059
