EV: 4.075508090930188
Variance: 0.0638390803276615
